4 0.12890625 0.1265625 0.2046875 0.221875
2 0.37265625 0.13359375 0.2046875 0.2328125
3 0.62265625 0.12265625 0.221875 0.2390625
2 0.87109375 0.12109375 0.2265625 0.228125
5 0.1234375 0.38125 0.196875 0.2453125
0 0.37265625 0.37890625 0.2140625 0.24375
3 0.62265625 0.375 0.1953125 0.21875
4 0.88828125 0.3765625 0.2078125 0.2234375
0 0.13203125 0.6265625 0.23125 0.2265625
3 0.3703125 0.6296875 0.2046875 0.2359375
5 0.6234375 0.63359375 0.24375 0.2109375
2 0.884375 0.6296875 0.2265625 0.2359375
2 0.12109375 0.88203125 0.2046875 0.2359375
0 0.3734375 0.890625 0.21875 0.21875
3 0.60234375 0.8859375 0.159375 0.228125
4 0.88828125 0.88359375 0.2140625 0.2328125