0 0.12890625 0.12890625 0.1875 0.228125
0 0.875 0.1234375 0.1859375 0.2390625
0 0.13125 0.3796875 0.228125 0.228125
0 0.134375 0.6359375 0.21875 0.221875
5 0.3734375 0.1234375 0.190625 0.2359375
5 0.6203125 0.63125 0.184375 0.2234375
5 0.61875 0.88203125 0.2 0.221875
4 0.61640625 0.12734375 0.1953125 0.221875
4 0.87734375 0.38359375 0.221875 0.228125
4 0.1203125 0.87734375 0.2015625 0.2265625
4 0.87734375 0.62890625 0.1859375 0.2125
2 0.3703125 0.3734375 0.221875 0.2359375
2 0.3734375 0.62890625 0.1703125 0.2234375
2 0.3765625 0.88125 0.1765625 0.2265625
3 0.62734375 0.37109375 0.184375 0.228125
3 0.875 0.8796875 0.1765625 0.2328125