0 0.12734375 0.12890625 0.2265625 0.2453125
0 0.3703125 0.13203125 0.2078125 0.2265625
3 0.615625 0.13828125 0.1828125 0.2140625
2 0.87890625 0.12265625 0.18125 0.21875
2 0.12109375 0.37890625 0.209375 0.240625
3 0.37734375 0.38125 0.2078125 0.2234375
5 0.61796875 0.37890625 0.228125 0.228125
4 0.8765625 0.38203125 0.18125 0.221875
3 0.12265625 0.6296875 0.21875 0.2265625
3 0.36640625 0.625 0.2078125 0.24375
3 0.62265625 0.6265625 0.2359375 0.246875
0 0.87265625 0.6234375 0.2015625 0.246875
4 0.12109375 0.875 0.2328125 0.2359375
3 0.37109375 0.8796875 0.21875 0.240625
3 0.61015625 0.878125 0.1984375 0.24375
0 0.8765625 0.8796875 0.2 0.240625