3 0.1265625 0.12734375 0.1859375 0.2265625
3 0.8734375 0.13203125 0.2046875 0.2171875
3 0.8609375 0.38125 0.1765625 0.2234375
3 0.37109375 0.625 0.18125 0.2265625
3 0.87109375 0.625 0.1921875 0.2359375
3 0.86640625 0.884375 0.1828125 0.2234375
5 0.36640625 0.13125 0.1765625 0.209375
5 0.1234375 0.38125 0.1921875 0.2265625
5 0.3796875 0.88125 0.178125 0.23125
4 0.63125 0.12734375 0.1828125 0.2265625
4 0.3703125 0.38359375 0.21875 0.2125
4 0.625 0.3859375 0.1609375 0.209375
4 0.625 0.8796875 0.1953125 0.221875
0 0.12265625 0.634375 0.18125 0.2234375
0 0.12109375 0.875 0.1734375 0.21875
2 0.6203125 0.6234375 0.190625 0.221875