4 0.12265625 0.1234375 0.2046875 0.246875
2 0.37734375 0.12265625 0.165625 0.240625
2 0.6296875 0.12109375 0.1921875 0.23828125
0 0.88671875 0.12890625 0.16328125 0.23046875
2 0.12890625 0.3796875 0.22109375 0.24765625
2 0.38359375 0.38125 0.16796875 0.25
2 0.63203125 0.38125 0.196875 0.2453125
5 0.86796875 0.3796875 0.21171875 0.24296875
2 0.12109375 0.6296875 0.20703125 0.25
5 0.37265625 0.6265625 0.178125 0.23828125
4 0.63125 0.6296875 0.21640625 0.25234375
2 0.8734375 0.62734375 0.22109375 0.25234375
2 0.12890625 0.8859375 0.17578125 0.228125
4 0.3796875 0.8796875 0.24765625 0.240625
4 0.61796875 0.88359375 0.18984375 0.2328125
3 0.87734375 0.88203125 0.2453125 0.2359375