5 0.125 0.1265625 0.18125 0.23125
5 0.3765625 0.8796875 0.2 0.23125
5 0.625 0.8796875 0.178125 0.2140625
5 0.87109375 0.8859375 0.165625 0.228125
2 0.37890625 0.1296875 0.2 0.228125
2 0.62734375 0.13125 0.2 0.2171875
2 0.87890625 0.37109375 0.196875 0.228125
0 0.8734375 0.12890625 0.2015625 0.2234375
0 0.37734375 0.384375 0.1859375 0.209375
0 0.38203125 0.62890625 0.1953125 0.2265625
0 0.63203125 0.625 0.2140625 0.228125
3 0.12734375 0.3734375 0.1859375 0.2234375
3 0.62890625 0.37734375 0.178125 0.2234375
3 0.11640625 0.87109375 0.1828125 0.221875
4 0.1234375 0.62109375 0.196875 0.2390625
4 0.87890625 0.62890625 0.1953125 0.2171875