3 0.1265625 0.1234375 0.2046875 0.23046875
4 0.3734375 0.1265625 0.2140625 0.2328125
3 0.63125 0.12265625 0.2046875 0.2359375
4 0.88671875 0.125 0.2046875 0.23828125
4 0.1203125 0.37734375 0.21640625 0.240625
5 0.3796875 0.38359375 0.21640625 0.24296875
4 0.63671875 0.384375 0.2015625 0.2453125
4 0.8796875 0.384375 0.209375 0.23046875
4 0.125 0.6359375 0.196875 0.209375
5 0.36171875 0.6390625 0.19453125 0.2140625
5 0.6203125 0.62890625 0.21640625 0.21875
3 0.8765625 0.6234375 0.2359375 0.2140625
5 0.37109375 0.8859375 0.2140625 0.228125
3 0.6265625 0.8890625 0.2015625 0.22109375
2 0.88359375 0.884375 0.2328125 0.23046875