5 0.12109375 0.1234375 0.1765625 0.2234375
5 0.38125 0.125 0.2046875 0.2171875
5 0.1234375 0.3765625 0.1828125 0.2265625
5 0.8765625 0.6296875 0.1953125 0.21875
5 0.13203125 0.875 0.1765625 0.2328125
0 0.625 0.134375 0.2171875 0.2234375
0 0.36875 0.884375 0.1796875 0.2234375
3 0.87265625 0.134375 0.1828125 0.2234375
3 0.37734375 0.37734375 0.221875 0.2390625
3 0.61171875 0.38203125 0.2078125 0.221875
3 0.3734375 0.634375 0.1921875 0.2125
3 0.87265625 0.8796875 0.2 0.23125
3 0.63125 0.6234375 0.1765625 0.221875
2 0.875 0.3796875 0.1875 0.2140625
2 0.12734375 0.63125 0.18125 0.2265625
4 0.625 0.87734375 0.2 0.2390625