3 0.12734375 0.1203125 0.2 0.2171875
3 0.1265625 0.38125 0.2046875 0.2234375
3 0.36640625 0.6265625 0.1859375 0.2265625
4 0.37109375 0.1359375 0.1875 0.2171875
4 0.62265625 0.13125 0.1953125 0.221875
4 0.875 0.37890625 0.1734375 0.21875
4 0.8765625 0.62734375 0.2046875 0.2265625
5 0.87734375 0.12734375 0.2 0.23125
5 0.61875 0.38203125 0.1921875 0.221875
5 0.12890625 0.634375 0.15625 0.209375
5 0.1265625 0.88125 0.1875 0.2234375
5 0.625 0.8859375 0.2046875 0.2234375
0 0.38671875 0.3765625 0.1921875 0.2359375
0 0.37734375 0.8796875 0.190625 0.23125
2 0.62734375 0.6265625 0.196875 0.23125