3 0.1265625 0.1296875 0.18125 0.2359375
3 0.375 0.12734375 0.209375 0.2328125
3 0.62109375 0.3796875 0.18125 0.23125
3 0.375 0.62890625 0.2078125 0.24375
0 0.61875 0.1296875 0.1828125 0.2390625
0 0.13203125 0.37890625 0.1953125 0.2328125
0 0.62890625 0.62890625 0.178125 0.2171875
0 0.6234375 0.87734375 0.2140625 0.240625
0 0.11953125 0.878125 0.1859375 0.24375
4 0.87265625 0.125 0.1875 0.2328125
4 0.1203125 0.62265625 0.2078125 0.240625
4 0.87890625 0.6296875 0.2 0.2140625
5 0.3734375 0.375 0.1921875 0.2328125
5 0.3703125 0.88125 0.2046875 0.23125
5 0.871875 0.878125 0.1875 0.24375
2 0.8640625 0.38203125 0.2171875 0.221875