2 0.12109375 0.1265625 0.228125 0.2234375
0 0.37734375 0.12109375 0.2078125 0.2234375
5 0.615625 0.13828125 0.2390625 0.2140625
4 0.86640625 0.13359375 0.253125 0.2140625
3 0.1234375 0.37734375 0.1875 0.221875
2 0.375 0.3765625 0.2125 0.2328125
0 0.60546875 0.375 0.2265625 0.209375
4 0.87890625 0.37265625 0.1875 0.2265625
4 0.1296875 0.63359375 0.1765625 0.228125
4 0.36796875 0.6265625 0.190625 0.2078125
0 0.6296875 0.640625 0.1875 0.209375
2 0.88203125 0.6234375 0.2109375 0.246875
0 0.13203125 0.8859375 0.209375 0.215625
0 0.37109375 0.8921875 0.21875 0.2015625
0 0.63203125 0.89921875 0.1875 0.2015625
5 0.88359375 0.88828125 0.221875 0.2234375