3 0.1234375 0.1234375 0.240625 0.2453125
5 0.3734375 0.1265625 0.196875 0.24296875
4 0.64921875 0.1265625 0.19921875 0.24296875
5 0.86875 0.1265625 0.18984375 0.2359375
2 0.11875 0.38203125 0.18046875 0.2328125
0 0.3765625 0.39296875 0.2234375 0.2234375
0 0.6296875 0.3859375 0.209375 0.22578125
3 0.87109375 0.37890625 0.21875 0.240625
4 0.1265625 0.63125 0.2015625 0.23828125
5 0.36875 0.6421875 0.2140625 0.20703125
5 0.62109375 0.63671875 0.22109375 0.22578125
3 0.88359375 0.6359375 0.2015625 0.22578125
4 0.1234375 0.8765625 0.21640625 0.22578125
3 0.38515625 0.89375 0.2203125 0.2125
5 0.625 0.8859375 0.20703125 0.228125
3 0.87265625 0.89296875 0.1921875 0.2140625