5 0.1234375 0.13125 0.18984375 0.22578125
5 0.3796875 0.3765625 0.22109375 0.23046875
5 0.87109375 0.3765625 0.228125 0.2234375
5 0.13203125 0.6265625 0.23046875 0.21640625
5 0.36796875 0.6359375 0.14921875 0.209375
5 0.87265625 0.62890625 0.18984375 0.22578125
5 0.11796875 0.8765625 0.196875 0.240625
5 0.37734375 0.8796875 0.1515625 0.2328125
5 0.615625 0.89609375 0.1625 0.2078125
5 0.86875 0.890625 0.16796875 0.21875
3 0.3796875 0.1265625 0.21640625 0.25
3 0.1203125 0.3734375 0.1828125 0.23046875
0 0.6234375 0.13125 0.178125 0.21640625
0 0.6234375 0.63359375 0.18515625 0.22578125
0 0.88515625 0.12109375 0.2046875 0.2421875
0 0.625 0.37734375 0.1921875 0.21640625