5 0.125 0.1265625 0.2140625 0.240625
5 0.63125 0.12109375 0.20625 0.2421875
5 0.625 0.63359375 0.18515625 0.22578125
5 0.1234375 0.8859375 0.1921875 0.228125
5 0.61875 0.88359375 0.18046875 0.2328125
5 0.87890625 0.884375 0.18046875 0.23046875
2 0.37265625 0.1203125 0.21640625 0.240625
2 0.87421875 0.12109375 0.1921875 0.2421875
2 0.12734375 0.38125 0.23046875 0.2328125
2 0.12734375 0.6359375 0.1609375 0.2140625
0 0.384375 0.3859375 0.196875 0.22578125
0 0.6296875 0.38203125 0.16796875 0.21640625
4 0.87109375 0.3734375 0.2140625 0.240625
4 0.88359375 0.63359375 0.196875 0.2359375
4 0.375 0.875 0.2046875 0.25
3 0.3796875 0.6296875 0.19453125 0.228125