2 0.13125 0.12734375 0.21875 0.24296875
3 0.375 0.1203125 0.19921875 0.240625
4 0.63203125 0.1421875 0.196875 0.21171875
3 0.8796875 0.1359375 0.22578125 0.21640625
0 0.1203125 0.3796875 0.2140625 0.228125
5 0.37109375 0.3796875 0.209375 0.21640625
0 0.61796875 0.38203125 0.16796875 0.2234375
2 0.88359375 0.38203125 0.196875 0.21640625
3 0.12890625 0.6359375 0.21640625 0.228125
3 0.37890625 0.63359375 0.21171875 0.2359375
3 0.62734375 0.6359375 0.2234375 0.21640625
3 0.88125 0.6390625 0.22578125 0.22109375
3 0.12734375 0.884375 0.2140625 0.23046875
5 0.3703125 0.8796875 0.2046875 0.240625
0 0.62265625 0.890625 0.209375 0.21875
5 0.86328125 0.8890625 0.2046875 0.22109375