2 0.1203125 0.12734375 0.2015625 0.24296875
0 0.37890625 0.12734375 0.2328125 0.240625
3 0.6234375 0.12890625 0.2046875 0.23828125
2 0.875 0.125 0.25 0.2359375
3 0.12109375 0.3703125 0.2140625 0.23046875
5 0.3765625 0.375 0.2328125 0.23046875
4 0.62109375 0.37890625 0.21875 0.2234375
5 0.884375 0.3796875 0.23046875 0.240625
3 0.12734375 0.63125 0.21875 0.2140625
3 0.37265625 0.640625 0.209375 0.24296875
4 0.62265625 0.615625 0.21640625 0.228125
4 0.8734375 0.634375 0.2015625 0.21640625
0 0.12890625 0.875 0.2046875 0.25
0 0.36796875 0.88203125 0.19453125 0.2359375
3 0.62265625 0.8734375 0.18515625 0.25234375
0 0.884375 0.8796875 0.18984375 0.240625