5 0.12109375 0.1359375 0.18984375 0.2046875
5 0.8640625 0.375 0.178125 0.23828125
3 0.375 0.12109375 0.16796875 0.2234375
3 0.11796875 0.37265625 0.21640625 0.24296875
3 0.6265625 0.37109375 0.18515625 0.2140625
3 0.12734375 0.6140625 0.20703125 0.2328125
3 0.875 0.62109375 0.1703125 0.228125
2 0.62734375 0.12109375 0.1703125 0.23828125
2 0.6296875 0.62890625 0.1921875 0.2328125
2 0.13203125 0.88203125 0.1828125 0.2359375
2 0.3703125 0.88203125 0.178125 0.2359375
2 0.63515625 0.878125 0.1859375 0.24375
4 0.87265625 0.1140625 0.17578125 0.228125
4 0.37265625 0.3796875 0.1734375 0.22109375
4 0.875 0.88203125 0.16796875 0.2359375
0 0.3703125 0.6265625 0.18515625 0.2359375