3 0.1265625 0.125 0.1921875 0.24296875
3 0.37734375 0.1203125 0.209375 0.2359375
3 0.8796875 0.11796875 0.18984375 0.2359375
3 0.1265625 0.634375 0.16328125 0.2234375
2 0.6140625 0.125 0.1421875 0.23046875
2 0.12109375 0.3765625 0.196875 0.240625
2 0.62109375 0.38125 0.1875 0.2328125
2 0.36875 0.875 0.2046875 0.25
2 0.621875 0.878125 0.178125 0.24375
4 0.37265625 0.3765625 0.2046875 0.24296875
4 0.3640625 0.63125 0.1609375 0.23046875
5 0.86875 0.3765625 0.2140625 0.23046875
0 0.63125 0.62890625 0.18046875 0.22578125
0 0.884375 0.6296875 0.18046875 0.2328125
4 0.875 0.884375 0.1921875 0.23046875