5 0.125 0.1265625 0.18125 0.2359375
5 0.6234375 0.88203125 0.178125 0.2359375
4 0.375 0.13125 0.221875 0.2328125
4 0.625 0.13125 0.178125 0.221875
4 0.87890625 0.12890625 0.2125 0.2359375
4 0.1421875 0.3734375 0.18125 0.240625
4 0.38671875 0.38359375 0.2 0.228125
4 0.875 0.38359375 0.2078125 0.228125
4 0.1234375 0.884375 0.1703125 0.2265625
3 0.625 0.3765625 0.1953125 0.2359375
3 0.37109375 0.625 0.2078125 0.2328125
0 0.865625 0.88046875 0.19375 0.2390625
2 0.1234375 0.6265625 0.2171875 0.221875
2 0.62890625 0.6265625 0.209375 0.2359375
2 0.875 0.63359375 0.2125 0.209375
2 0.38125 0.884375 0.18125 0.23125