5 0.125 0.1296875 0.1703125 0.22578125
5 0.6296875 0.37734375 0.2015625 0.24296875
5 0.13125 0.6265625 0.209375 0.24296875
2 0.36796875 0.1265625 0.19921875 0.240625
2 0.62265625 0.13828125 0.16328125 0.2140625
0 0.87265625 0.1296875 0.2015625 0.22578125
0 0.11796875 0.38125 0.1921875 0.2328125
0 0.37890625 0.3734375 0.2015625 0.24296875
0 0.8765625 0.375 0.19921875 0.23828125
0 0.1203125 0.88203125 0.21171875 0.2359375
0 0.62890625 0.8859375 0.165625 0.228125
2 0.62734375 0.625 0.18984375 0.22578125
4 0.37890625 0.6296875 0.18984375 0.228125
3 0.88125 0.62109375 0.19921875 0.2359375
3 0.38125 0.88359375 0.1921875 0.2328125
3 0.8796875 0.8734375 0.18984375 0.25234375