5 0.13671875 0.1234375 0.1921875 0.23828125
0 0.371875 0.1234375 0.209375 0.246875
4 0.625 0.125 0.22109375 0.22578125
5 0.8796875 0.12734375 0.2328125 0.2453125
0 0.1234375 0.38125 0.1921875 0.2453125
4 0.3703125 0.3765625 0.21640625 0.23828125
5 0.6265625 0.3734375 0.23046875 0.228125
3 0.8765625 0.384375 0.2015625 0.23046875
4 0.12890625 0.63203125 0.23046875 0.22578125
4 0.37109375 0.63671875 0.2015625 0.22109375
0 0.6265625 0.634375 0.23828125 0.2359375
0 0.87734375 0.63203125 0.21171875 0.228125
5 0.11796875 0.87890625 0.2234375 0.22578125
4 0.3796875 0.88671875 0.2015625 0.21875
4 0.6265625 0.88671875 0.18515625 0.22578125
4 0.8859375 0.8859375 0.2234375 0.228125