5 0.12890625 0.1265625 0.1875 0.228125
5 0.37734375 0.1296875 0.2140625 0.23828125
5 0.1234375 0.38671875 0.196875 0.2359375
0 0.6265625 0.1421875 0.16328125 0.209375
0 0.86796875 0.38828125 0.2015625 0.2140625
0 0.3734375 0.63125 0.178125 0.22578125
0 0.8765625 0.63203125 0.16328125 0.22109375
4 0.8796875 0.12890625 0.2015625 0.228125
4 0.11796875 0.6296875 0.21171875 0.228125
2 0.3640625 0.384375 0.18515625 0.21875
2 0.63125 0.3765625 0.1875 0.2359375
2 0.62890625 0.62734375 0.1875 0.2234375
2 0.62265625 0.8859375 0.18515625 0.228125
2 0.87734375 0.8796875 0.1875 0.240625
3 0.13359375 0.8734375 0.209375 0.25234375
3 0.3765625 0.878125 0.1875 0.24375