3 0.12734375 0.1296875 0.196875 0.2453125
2 0.38203125 0.12890625 0.16796875 0.23828125
2 0.6203125 0.13203125 0.1828125 0.21875
0 0.87265625 0.12890625 0.22109375 0.23046875
0 0.1265625 0.37890625 0.22109375 0.23046875
0 0.3703125 0.3703125 0.19453125 0.22109375
3 0.62734375 0.38203125 0.25 0.24765625
4 0.8734375 0.37734375 0.20703125 0.22109375
4 0.12734375 0.63359375 0.209375 0.20703125
0 0.37734375 0.6296875 0.19921875 0.196875
3 0.6203125 0.62890625 0.22578125 0.2046875
3 0.875 0.625 0.2359375 0.2359375
0 0.12890625 0.88203125 0.22109375 0.2234375
2 0.375 0.87890625 0.19921875 0.2140625
0 0.6296875 0.8859375 0.2359375 0.228125
4 0.8796875 0.87265625 0.240625 0.25