2 0.1234375 0.12421875 0.246875 0.2453125
0 0.375 0.13359375 0.21171875 0.2453125
5 0.6234375 0.12890625 0.21171875 0.23046875
5 0.87734375 0.1390625 0.1828125 0.2140625
4 0.1234375 0.375 0.209375 0.2234375
4 0.37109375 0.3765625 0.21875 0.22578125
2 0.625 0.3796875 0.1875 0.21171875
4 0.8796875 0.38125 0.1828125 0.23046875
0 0.1265625 0.63671875 0.1875 0.2234375
3 0.37109375 0.63203125 0.2234375 0.2046875
4 0.63125 0.63125 0.1921875 0.19921875
5 0.8765625 0.62734375 0.2046875 0.2140625
3 0.12265625 0.89375 0.2046875 0.2125
5 0.36796875 0.878125 0.2078125 0.24375
4 0.61875 0.8859375 0.19453125 0.228125
0 0.8734375 0.8796875 0.2046875 0.240625