5 0.1265625 0.13359375 0.15625 0.22109375
5 0.12890625 0.3796875 0.20703125 0.23046875
5 0.87734375 0.38203125 0.196875 0.24296875
5 0.1265625 0.6265625 0.1875 0.24765625
5 0.61796875 0.6265625 0.178125 0.23046875
5 0.13203125 0.878125 0.1921875 0.24375
5 0.375 0.8859375 0.15390625 0.228125
4 0.3765625 0.1234375 0.196875 0.246875
4 0.6203125 0.1296875 0.18984375 0.228125
3 0.87734375 0.11796875 0.1875 0.2359375
3 0.3734375 0.37890625 0.228125 0.21875
3 0.63046875 0.89375 0.1671875 0.2125
0 0.625 0.37734375 0.2015625 0.240625
0 0.86953125 0.878125 0.1796875 0.24375
2 0.38828125 0.62734375 0.178125 0.22578125
2 0.87734375 0.6265625 0.178125 0.21171875