2 0.125 0.12734375 0.1734375 0.22109375
2 0.3765625 0.1265625 0.1828125 0.24296875
5 0.62890625 0.140625 0.2015625 0.21640625
2 0.87890625 0.12890625 0.22578125 0.2328125
5 0.109375 0.37734375 0.1921875 0.22109375
0 0.365625 0.38359375 0.178125 0.19921875
3 0.62109375 0.37890625 0.209375 0.21640625
3 0.87109375 0.38125 0.1734375 0.2140625
4 0.125 0.6359375 0.19921875 0.21640625
5 0.37734375 0.63671875 0.18984375 0.21875
3 0.62890625 0.62265625 0.18984375 0.240625
3 0.87109375 0.6234375 0.2234375 0.25
5 0.13046875 0.87578125 0.2046875 0.2484375
0 0.3703125 0.878125 0.190625 0.24375
0 0.6296875 0.88203125 0.1875 0.2359375
2 0.87734375 0.87734375 0.2140625 0.2453125