0 0.125 0.12734375 0.2359375 0.240625
3 0.3703125 0.11875 0.18046875 0.2046875
4 0.6203125 0.1296875 0.209375 0.2234375
5 0.8734375 0.1359375 0.2140625 0.20703125
4 0.12265625 0.37734375 0.2328125 0.23046875
2 0.3734375 0.38359375 0.21875 0.228125
5 0.634375 0.3890625 0.2046875 0.23046875
5 0.8765625 0.38203125 0.19453125 0.21640625
0 0.13359375 0.6359375 0.21640625 0.22578125
3 0.38828125 0.63828125 0.209375 0.21640625
3 0.62109375 0.640625 0.1828125 0.21875
0 0.8765625 0.63359375 0.2328125 0.228125
5 0.11796875 0.8796875 0.21171875 0.240625
3 0.3765625 0.8859375 0.2015625 0.228125
3 0.63203125 0.88359375 0.2015625 0.2328125
5 0.8765625 0.8859375 0.23046875 0.228125