0 0.1265625 0.125 0.21640625 0.23046875
2 0.36796875 0.12734375 0.2234375 0.2453125
3 0.63203125 0.13125 0.2015625 0.2359375
4 0.87265625 0.11875 0.1796875 0.2375
4 0.1234375 0.375 0.2359375 0.2359375
3 0.37265625 0.38125 0.22109375 0.2359375
2 0.6390625 0.375 0.20703125 0.24765625
4 0.87890625 0.37890625 0.2015625 0.228125
3 0.11640625 0.62109375 0.2140625 0.23046875
3 0.36640625 0.6296875 0.22109375 0.2328125
3 0.6234375 0.625 0.19921875 0.2234375
0 0.86875 0.61875 0.18515625 0.20703125
0 0.134375 0.87734375 0.19453125 0.2453125
0 0.36875 0.87734375 0.2140625 0.2453125
5 0.625 0.87734375 0.23046875 0.2453125
3 0.875 0.8796875 0.1921875 0.240625