2 0.13203125 0.125 0.196875 0.23046875
3 0.3796875 0.13203125 0.20703125 0.2140625
0 0.60546875 0.13828125 0.1421875 0.2140625
4 0.875 0.12890625 0.1921875 0.23046875
5 0.12265625 0.37734375 0.18515625 0.21640625
5 0.36875 0.3765625 0.21875 0.2234375
4 0.625 0.37734375 0.19453125 0.22578125
2 0.87265625 0.3765625 0.2015625 0.23046875
2 0.1265625 0.62265625 0.1828125 0.240625
0 0.37109375 0.6234375 0.178125 0.22109375
5 0.6265625 0.63125 0.196875 0.22578125
0 0.87265625 0.63203125 0.2015625 0.22578125
3 0.12890625 0.884375 0.146875 0.22578125
4 0.36640625 0.88359375 0.18515625 0.2046875
0 0.625 0.88671875 0.178125 0.22578125
2 0.87578125 0.878125 0.1859375 0.24375