4 0.1359375 0.13125 0.190625 0.21875
5 0.37734375 0.1234375 0.1453125 0.23125
4 0.62890625 0.1296875 0.2 0.23125
3 0.8765625 0.13203125 0.159375 0.21875
4 0.12265625 0.37734375 0.2 0.2328125
0 0.3703125 0.38671875 0.1828125 0.2140625
4 0.6234375 0.3765625 0.215625 0.240625
0 0.87109375 0.37734375 0.2234375 0.240625
0 0.1203125 0.62734375 0.1921875 0.2265625
0 0.3703125 0.63359375 0.221875 0.2109375
4 0.6234375 0.6265625 0.2046875 0.21875
2 0.8796875 0.63359375 0.2078125 0.221875
3 0.1265625 0.87578125 0.19375 0.2484375
5 0.37109375 0.8859375 0.196875 0.228125
4 0.61640625 0.884375 0.2140625 0.23125
2 0.8765625 0.88203125 0.1828125 0.2359375