5 0.13125 0.125 0.1875 0.209375
4 0.36640625 0.1234375 0.22109375 0.23046875
0 0.6234375 0.134375 0.22578125 0.22578125
0 0.8859375 0.1296875 0.21171875 0.22109375
0 0.13671875 0.37734375 0.20703125 0.21875
5 0.37109375 0.37109375 0.2015625 0.22109375
3 0.6234375 0.38359375 0.21640625 0.228125
4 0.87265625 0.38671875 0.19921875 0.22109375
0 0.11875 0.62421875 0.2375 0.2484375
5 0.36328125 0.63125 0.1921875 0.2234375
2 0.61875 0.6265625 0.19453125 0.22109375
2 0.8734375 0.63828125 0.19453125 0.2328125
4 0.87734375 0.86796875 0.22578125 0.22578125
5 0.6203125 0.875 0.24296875 0.25
2 0.359375 0.8796875 0.18984375 0.240625
2 0.12265625 0.8734375 0.23828125 0.25234375