3 0.1296875 0.134375 0.18515625 0.2140625
0 0.37734375 0.134375 0.18984375 0.22578125
0 0.61875 0.12265625 0.2046875 0.21640625
4 0.8765625 0.1296875 0.196875 0.22578125
3 0.13359375 0.3703125 0.21171875 0.2359375
2 0.384375 0.3765625 0.19453125 0.2234375
5 0.640625 0.37734375 0.21171875 0.240625
4 0.8734375 0.36875 0.209375 0.22578125
5 0.1203125 0.62734375 0.209375 0.22109375
0 0.37265625 0.62890625 0.19921875 0.22109375
0 0.6296875 0.62734375 0.1921875 0.240625
4 0.86875 0.62734375 0.19921875 0.22109375
5 0.13125 0.87109375 0.18046875 0.24296875
4 0.3703125 0.87890625 0.18515625 0.2234375
5 0.61875 0.88671875 0.1828125 0.21875
0 0.87109375 0.8734375 0.19921875 0.25234375