3 0.1203125 0.13125 0.209375 0.24296875
3 0.37890625 0.13359375 0.209375 0.22578125
5 0.6265625 0.134375 0.21171875 0.209375
2 0.8859375 0.13359375 0.19921875 0.2328125
3 0.11640625 0.38203125 0.21171875 0.209375
4 0.38359375 0.37734375 0.2234375 0.21875
0 0.63828125 0.38828125 0.18984375 0.209375
2 0.884375 0.39296875 0.209375 0.2234375
5 0.11640625 0.63359375 0.20703125 0.21171875
3 0.36875 0.63125 0.19921875 0.21171875
3 0.61875 0.63671875 0.1921875 0.20703125
3 0.8703125 0.6359375 0.19453125 0.2046875
4 0.11796875 0.8796875 0.21875 0.240625
0 0.36796875 0.884375 0.22109375 0.23046875
2 0.61875 0.89140625 0.209375 0.2171875
4 0.884375 0.8859375 0.23046875 0.228125