3 0.134375 0.1296875 0.2140625 0.24296875
5 0.375 0.12890625 0.18515625 0.22578125
5 0.62109375 0.13125 0.19921875 0.22578125
3 0.8765625 0.140625 0.19453125 0.228125
0 0.1296875 0.3859375 0.196875 0.23828125
2 0.3765625 0.384375 0.18046875 0.21875
0 0.6234375 0.38671875 0.2015625 0.23828125
0 0.884375 0.37734375 0.19921875 0.2328125
2 0.115625 0.634375 0.2046875 0.22109375
3 0.3796875 0.63671875 0.21171875 0.18984375
4 0.62890625 0.64296875 0.21640625 0.21171875
3 0.88203125 0.634375 0.2234375 0.228125
0 0.1140625 0.88203125 0.2140625 0.2234375
5 0.37109375 0.88828125 0.21171875 0.2234375
5 0.63125 0.89140625 0.19375 0.2171875
4 0.88125 0.890625 0.21171875 0.21875