5 0.12734375 0.12109375 0.1875 0.221875
4 0.36875 0.1234375 0.209375 0.2234375
0 0.6265625 0.13125 0.2078125 0.2171875
0 0.87734375 0.140625 0.209375 0.209375
2 0.13125 0.37265625 0.1953125 0.209375
2 0.37734375 0.37109375 0.23125 0.24375
3 0.62734375 0.38203125 0.2390625 0.2359375
0 0.8734375 0.38359375 0.253125 0.2390625
5 0.12265625 0.62890625 0.2 0.228125
5 0.36875 0.6265625 0.21875 0.2234375
2 0.61875 0.62890625 0.1953125 0.2328125
2 0.88125 0.6296875 0.2046875 0.2078125
2 0.125 0.88203125 0.1921875 0.2359375
2 0.3765625 0.8796875 0.228125 0.240625
4 0.6203125 0.87578125 0.19375 0.2484375
4 0.8734375 0.8796875 0.2265625 0.240625