5 0.13125 0.13203125 0.2015625 0.2234375
5 0.12734375 0.3796875 0.16328125 0.2328125
5 0.634375 0.3734375 0.1875 0.21171875
5 0.1203125 0.6296875 0.18046875 0.21875
5 0.8734375 0.63203125 0.18984375 0.228125
5 0.13125 0.88828125 0.1921875 0.2234375
2 0.37890625 0.13125 0.1921875 0.2140625
2 0.6265625 0.13125 0.1828125 0.2234375
2 0.36796875 0.37890625 0.1703125 0.2328125
2 0.62109375 0.62265625 0.1875 0.22578125
2 0.37109375 0.8796875 0.196875 0.240625
3 0.8765625 0.13125 0.19453125 0.228125
5 0.88203125 0.3796875 0.178125 0.2359375
4 0.359375 0.63203125 0.1515625 0.228125
0 0.62890625 0.8796875 0.18984375 0.209375
2 0.8734375 0.88046875 0.146875 0.2390625