2 0.1234375 0.125 0.1703125 0.2453125
2 0.87734375 0.12734375 0.18046875 0.2328125
2 0.1203125 0.3734375 0.18984375 0.228125
2 0.125 0.6265625 0.1921875 0.24296875
2 0.12734375 0.884375 0.178125 0.23046875
2 0.87890625 0.8796875 0.1875 0.21875
3 0.38359375 0.1296875 0.18515625 0.21875
3 0.63125 0.1234375 0.21171875 0.228125
4 0.3765625 0.375 0.14921875 0.23046875
4 0.625 0.3734375 0.21875 0.2453125
0 0.8796875 0.37734375 0.1921875 0.2328125
0 0.6296875 0.63125 0.18046875 0.21640625
5 0.38203125 0.6265625 0.178125 0.22578125
5 0.875 0.64453125 0.19453125 0.21875
5 0.37109375 0.87890625 0.1828125 0.2359375
5 0.6265625 0.88359375 0.19453125 0.228125