0 0.13359375 0.1296875 0.18984375 0.22109375
0 0.8734375 0.63203125 0.20703125 0.2234375
0 0.12734375 0.8796875 0.19921875 0.22109375
3 0.37734375 0.134375 0.18984375 0.22109375
3 0.63125 0.1359375 0.18515625 0.21640625
3 0.62890625 0.88125 0.1828125 0.23046875
5 0.8703125 0.1140625 0.14921875 0.1828125
5 0.875 0.88359375 0.18515625 0.228125
4 0.13125 0.38359375 0.18046875 0.21640625
4 0.37890625 0.38203125 0.2046875 0.23046875
4 0.86875 0.375 0.2046875 0.23046875
4 0.125 0.6296875 0.22578125 0.22109375
2 0.6265625 0.37890625 0.18515625 0.2234375
2 0.37109375 0.63125 0.20703125 0.2328125
2 0.63359375 0.63125 0.18046875 0.21875
2 0.38203125 0.88359375 0.18515625 0.2328125