3 0.1234375 0.1265625 0.209375 0.21875
3 0.62734375 0.13125 0.1921875 0.2140625
3 0.37265625 0.37890625 0.1875 0.2046875
3 0.61796875 0.37890625 0.2015625 0.22578125
3 0.8796875 0.38359375 0.18984375 0.2140625
3 0.134375 0.878125 0.196875 0.24375
3 0.6203125 0.87734375 0.22109375 0.2453125
0 0.3765625 0.13203125 0.165625 0.2328125
0 0.88125 0.12734375 0.1828125 0.21640625
0 0.37265625 0.88203125 0.178125 0.2359375
4 0.12734375 0.3796875 0.178125 0.2234375
4 0.61796875 0.62734375 0.18515625 0.23046875
5 0.125 0.6296875 0.178125 0.22578125
5 0.375 0.63203125 0.1703125 0.21640625
2 0.87734375 0.63125 0.22109375 0.22578125
2 0.87109375 0.88671875 0.19921875 0.22109375