4 0.125 0.12265625 0.16796875 0.2328125
4 0.375 0.134375 0.17578125 0.2015625
4 0.1203125 0.375 0.21171875 0.23046875
4 0.3703125 0.38203125 0.20703125 0.228125
4 0.87265625 0.38359375 0.2015625 0.209375
4 0.3640625 0.63125 0.165625 0.22109375
4 0.3765625 0.8859375 0.1875 0.228125
4 0.87265625 0.88671875 0.1703125 0.22578125
5 0.6234375 0.13828125 0.16796875 0.2046875
5 0.11875 0.884375 0.178125 0.23046875
2 0.62109375 0.37890625 0.19921875 0.2328125
2 0.1203125 0.62890625 0.1875 0.23046875
2 0.87734375 0.62734375 0.165625 0.2234375
0 0.61875 0.6296875 0.19453125 0.228125
0 0.625 0.88671875 0.16796875 0.22578125
2 0.8765625 0.13828125 0.16328125 0.19453125