3 0.11796875 0.12890625 0.17578125 0.22109375
3 0.87890625 0.134375 0.178125 0.21171875
3 0.13203125 0.38203125 0.178125 0.21640625
3 0.37265625 0.63359375 0.19453125 0.2140625
5 0.37109375 0.1390625 0.18515625 0.2234375
5 0.37265625 0.3859375 0.17578125 0.21640625
5 0.88359375 0.384375 0.1703125 0.20703125
0 0.6234375 0.1296875 0.15390625 0.22109375
0 0.62734375 0.63359375 0.1828125 0.2046875
0 0.11875 0.8796875 0.1828125 0.21875
4 0.62890625 0.3765625 0.19453125 0.228125
4 0.3734375 0.88125 0.17578125 0.21875
4 0.61796875 0.875 0.16328125 0.22578125
2 0.12109375 0.6359375 0.1734375 0.2140625
2 0.8734375 0.63203125 0.16328125 0.2140625
2 0.8734375 0.88671875 0.2046875 0.22578125