4 0.12734375 0.12734375 0.18984375 0.2234375
4 0.61328125 0.12890625 0.20703125 0.2328125
4 0.875 0.375 0.2046875 0.23046875
4 0.86796875 0.88046875 0.1796875 0.2390625
5 0.37109375 0.13359375 0.2046875 0.21875
5 0.12734375 0.38125 0.18984375 0.20703125
5 0.38203125 0.64453125 0.18046875 0.19921875
5 0.62109375 0.88359375 0.19453125 0.2328125
2 0.8796875 0.12890625 0.18984375 0.2328125
2 0.6203125 0.38125 0.15859375 0.23046875
2 0.13828125 0.6296875 0.1875 0.2234375
2 0.87265625 0.62890625 0.18984375 0.23046875
0 0.3734375 0.375 0.2046875 0.2359375
0 0.6234375 0.634375 0.178125 0.2046875
0 0.37734375 0.88671875 0.16328125 0.22578125
3 0.1296875 0.88359375 0.1875 0.2328125