3 0.1203125 0.1359375 0.2078125 0.209375
4 0.37265625 0.12890625 0.23125 0.221875
5 0.62109375 0.13359375 0.2171875 0.2265625
3 0.8703125 0.134375 0.196875 0.2078125
0 0.125 0.375 0.2046875 0.2359375
0 0.37734375 0.38203125 0.2265625 0.221875
3 0.625 0.38203125 0.1921875 0.21875
2 0.88359375 0.384375 0.209375 0.2265625
3 0.1203125 0.634375 0.2125 0.21875
4 0.375 0.625 0.2078125 0.209375
5 0.6296875 0.6265625 0.21875 0.2078125
0 0.88125 0.6296875 0.2125 0.21875
0 0.1234375 0.8765625 0.2078125 0.215625
2 0.375 0.88828125 0.21875 0.2140625
2 0.61796875 0.88359375 0.21875 0.23125
4 0.8765625 0.87734375 0.2078125 0.2328125