4 0.1296875 0.12734375 0.22578125 0.2328125
4 0.6078125 0.13203125 0.178125 0.2234375
4 0.63203125 0.37265625 0.19453125 0.22578125
4 0.88359375 0.3765625 0.196875 0.228125
4 0.13359375 0.640625 0.21171875 0.21171875
4 0.37890625 0.8796875 0.22578125 0.228125
5 0.37890625 0.12734375 0.20703125 0.21640625
5 0.8765625 0.125 0.209375 0.2359375
5 0.6296875 0.62890625 0.19453125 0.22109375
5 0.11875 0.88359375 0.18515625 0.21171875
5 0.62265625 0.88125 0.2140625 0.2234375
3 0.125 0.37890625 0.21171875 0.22109375
3 0.37265625 0.3765625 0.19921875 0.21875
3 0.37734375 0.62734375 0.19921875 0.2359375
3 0.8765625 0.88125 0.1703125 0.2234375
0 0.8765625 0.63203125 0.18515625 0.23046875