4 0.13203125 0.13671875 0.2140625 0.228125
0 0.37890625 0.1359375 0.2140625 0.228125
3 0.6265625 0.1390625 0.22109375 0.22578125
5 0.88203125 0.1296875 0.1921875 0.2234375
3 0.13828125 0.38125 0.209375 0.22578125
3 0.3765625 0.38203125 0.25 0.22109375
2 0.6296875 0.384375 0.1875 0.2328125
3 0.86875 0.38359375 0.1875 0.22578125
0 0.12734375 0.6359375 0.196875 0.2328125
5 0.3734375 0.63671875 0.21171875 0.22109375
5 0.63359375 0.6359375 0.2046875 0.22109375
0 0.87890625 0.63125 0.1875 0.23828125
2 0.1203125 0.88203125 0.2046875 0.2234375
3 0.3765625 0.875 0.2046875 0.228125
5 0.62734375 0.88359375 0.21640625 0.22578125
3 0.8796875 0.8859375 0.209375 0.2140625