3 0.12890625 0.6296875 0.19921875 0.2359375
3 0.63125 0.38125 0.21640625 0.2140625
3 0.8796875 0.38359375 0.1828125 0.22109375
3 0.6265625 0.8859375 0.18984375 0.21875
3 0.12734375 0.13203125 0.178125 0.209375
3 0.1265625 0.38203125 0.19453125 0.20703125
3 0.375 0.1359375 0.2015625 0.22578125
3 0.384375 0.88359375 0.209375 0.196875
3 0.8765625 0.13359375 0.19453125 0.22109375
2 0.8953125 0.63203125 0.209375 0.2046875
2 0.63671875 0.6390625 0.1828125 0.2046875
2 0.37109375 0.38828125 0.19921875 0.18046875
5 0.625 0.13203125 0.20703125 0.21875
5 0.8921875 0.8953125 0.18984375 0.19921875
3 0.38359375 0.640625 0.1734375 0.209375
4 0.1359375 0.87890625 0.19921875 0.19921875