4 0.1421875 0.14453125 0.16796875 0.2140625
4 0.37890625 0.1234375 0.19453125 0.20703125
4 0.884375 0.12734375 0.15859375 0.196875
4 0.1359375 0.3765625 0.1875 0.2234375
4 0.625 0.88359375 0.178125 0.19453125
4 0.8890625 0.8859375 0.18984375 0.196875
4 0.375 0.62734375 0.18515625 0.2046875
0 0.62265625 0.12109375 0.19453125 0.18046875
0 0.37890625 0.86875 0.2046875 0.209375
3 0.39765625 0.384375 0.18046875 0.2015625
3 0.62890625 0.37890625 0.1703125 0.19453125
2 0.86875 0.37890625 0.15625 0.21171875
2 0.88359375 0.62734375 0.1734375 0.2140625
2 0.65234375 0.6296875 0.1703125 0.20703125
0 0.12890625 0.62890625 0.16796875 0.21640625
4 0.1265625 0.88359375 0.1875 0.196875