3 0.11640625 0.1203125 0.196875 0.20703125
3 0.6265625 0.1265625 0.18046875 0.2046875
3 0.6359375 0.88671875 0.1921875 0.2046875
3 0.88203125 0.38125 0.1921875 0.19453125
3 0.3765625 0.1234375 0.1828125 0.18515625
5 0.88203125 0.1390625 0.18046875 0.2046875
5 0.1390625 0.63671875 0.1828125 0.19453125
4 0.1359375 0.3859375 0.1734375 0.196875
4 0.62734375 0.64921875 0.178125 0.19453125
4 0.38828125 0.87890625 0.17578125 0.19921875
4 0.1296875 0.88203125 0.165625 0.19921875
2 0.88671875 0.8796875 0.18046875 0.19921875
2 0.6390625 0.38828125 0.17578125 0.2015625
2 0.39765625 0.62734375 0.196875 0.209375
0 0.3890625 0.3796875 0.18046875 0.21171875
0 0.88203125 0.63828125 0.1734375 0.19921875