5 0.12265625 0.37265625 0.21171875 0.228125
3 0.634375 0.6234375 0.19921875 0.2234375
3 0.38203125 0.884375 0.1875 0.23046875
5 0.375 0.38203125 0.2046875 0.21875
2 0.8921875 0.38125 0.196875 0.209375
2 0.8953125 0.625 0.1828125 0.19453125
0 0.8953125 0.13125 0.19453125 0.209375
4 0.11640625 0.12734375 0.2046875 0.209375
4 0.365625 0.1234375 0.19921875 0.19921875
4 0.62890625 0.13203125 0.2328125 0.2140625
4 0.6359375 0.37109375 0.20703125 0.20703125
4 0.125 0.6390625 0.1921875 0.1828125
4 0.15390625 0.8859375 0.18046875 0.209375
4 0.38359375 0.63359375 0.22578125 0.18984375
4 0.6359375 0.8796875 0.178125 0.2046875
4 0.8765625 0.87265625 0.209375 0.21640625