2 0.12890625 0.12890625 0.21875 0.2359375
2 0.1265625 0.37109375 0.178125 0.23046875
2 0.8921875 0.13203125 0.21171875 0.21171875
3 0.36796875 0.37734375 0.2234375 0.21171875
5 0.88359375 0.38671875 0.2015625 0.21875
2 0.3734375 0.8765625 0.21171875 0.22109375
0 0.62734375 0.13203125 0.1734375 0.21875
5 0.88125 0.634375 0.1875 0.22578125
2 0.13203125 0.87890625 0.18515625 0.21171875
4 0.62734375 0.625 0.1921875 0.2140625
4 0.62890625 0.88671875 0.19921875 0.21640625
0 0.88671875 0.88359375 0.20703125 0.19921875
4 0.1265625 0.62734375 0.18515625 0.19921875
4 0.37265625 0.634375 0.2015625 0.20703125
3 0.375 0.13125 0.2046875 0.22578125