3 0.13125 0.12734375 0.228125 0.22109375
3 0.1359375 0.384375 0.18046875 0.209375
3 0.12734375 0.62109375 0.18046875 0.2015625
3 0.390625 0.13828125 0.19453125 0.2015625
4 0.38125 0.37734375 0.196875 0.209375
4 0.3921875 0.6234375 0.21875 0.20703125
4 0.6421875 0.38359375 0.21171875 0.1921875
4 0.6390625 0.12890625 0.18515625 0.20703125
4 0.64296875 0.62734375 0.1734375 0.196875
4 0.87734375 0.63671875 0.19453125 0.19453125
3 0.6265625 0.8953125 0.21171875 0.19921875
3 0.87890625 0.88359375 0.21171875 0.21640625
0 0.1296875 0.88828125 0.21171875 0.2046875
5 0.8859375 0.38828125 0.19453125 0.20703125
0 0.38359375 0.89453125 0.18984375 0.19453125
0 0.8765625 0.134375 0.209375 0.20703125