5 0.13671875 0.13828125 0.1734375 0.2046875
5 0.3859375 0.38359375 0.196875 0.1734375
2 0.375 0.134375 0.16796875 0.1828125
2 0.884375 0.3765625 0.1828125 0.2046875
3 0.6296875 0.125 0.2015625 0.2140625
3 0.12265625 0.88828125 0.1875 0.20703125
4 0.88203125 0.115625 0.1828125 0.18515625
4 0.125 0.3734375 0.18046875 0.19453125
4 0.1359375 0.6203125 0.1875 0.19453125
4 0.6265625 0.61796875 0.14453125 0.1734375
4 0.8765625 0.875 0.1734375 0.22109375
4 0.63203125 0.87734375 0.1734375 0.2015625
4 0.3703125 0.6234375 0.1734375 0.18984375
4 0.3703125 0.88203125 0.2046875 0.2015625
3 0.63359375 0.384375 0.18046875 0.2015625