3 0.12265625 0.115625 0.14453125 0.1828125
3 0.61640625 0.37890625 0.1875 0.19921875
3 0.37265625 0.62734375 0.18515625 0.18515625
3 0.63125 0.63671875 0.17578125 0.2046875
3 0.37734375 0.3796875 0.1734375 0.18984375
5 0.13828125 0.8921875 0.178125 0.209375
5 0.375 0.13671875 0.19921875 0.19453125
2 0.61328125 0.13359375 0.1609375 0.1921875
2 0.12734375 0.36328125 0.196875 0.19453125
4 0.13671875 0.6390625 0.17578125 0.2046875
4 0.3765625 0.88203125 0.1921875 0.196875
4 0.62265625 0.87890625 0.15859375 0.21640625
4 0.8890625 0.615625 0.16328125 0.2015625
4 0.8765625 0.88671875 0.1703125 0.18046875
4 0.8734375 0.1390625 0.16796875 0.178125
4 0.88671875 0.38125 0.16328125 0.209375