3 0.12890625 0.37734375 0.19453125 0.2140625
3 0.384375 0.11875 0.2015625 0.2359375
3 0.8765625 0.1296875 0.18515625 0.2140625
3 0.61875 0.37734375 0.19453125 0.23046875
3 0.8734375 0.3703125 0.18515625 0.2015625
2 0.6234375 0.12109375 0.19453125 0.22578125
2 0.375 0.390625 0.178125 0.2234375
3 0.8703125 0.63671875 0.19921875 0.2234375
5 0.38203125 0.88359375 0.178125 0.2046875
3 0.1234375 0.88203125 0.2015625 0.2234375
2 0.63125 0.88125 0.19453125 0.21171875
0 0.87890625 0.88203125 0.18515625 0.2140625
0 0.13359375 0.1390625 0.2046875 0.228125
0 0.38125 0.6296875 0.1703125 0.18984375
4 0.1265625 0.6359375 0.19921875 0.2140625
0 0.6265625 0.62109375 0.19453125 0.2015625