2 0.86796875 0.88359375 0.16328125 0.23046875
2 0.88125 0.62734375 0.1875 0.23046875
2 0.88203125 0.3859375 0.1875 0.2140625
5 0.88828125 0.1359375 0.2015625 0.2359375
4 0.384375 0.12890625 0.1875 0.20703125
4 0.63203125 0.125 0.1875 0.21640625
4 0.63828125 0.375 0.178125 0.21640625
4 0.6359375 0.63203125 0.209375 0.20703125
4 0.38125 0.6453125 0.20703125 0.196875
4 0.38125 0.8859375 0.165625 0.2015625
2 0.13359375 0.8765625 0.2046875 0.2015625
2 0.63203125 0.87109375 0.1921875 0.2015625
0 0.1359375 0.6359375 0.16796875 0.2046875
0 0.12734375 0.13203125 0.18515625 0.21875
3 0.1265625 0.37734375 0.209375 0.2046875
3 0.375 0.38125 0.2015625 0.21171875