0 0.634375 0.38203125 0.21171875 0.22578125
3 0.3796875 0.634375 0.1921875 0.2234375
3 0.63359375 0.63359375 0.2015625 0.21171875
2 0.62734375 0.87890625 0.16796875 0.22109375
2 0.8796875 0.884375 0.1828125 0.19453125
3 0.140625 0.88125 0.17578125 0.19453125
3 0.125 0.13671875 0.134375 0.2046875
3 0.3703125 0.14453125 0.178125 0.19921875
2 0.62734375 0.1390625 0.1828125 0.1921875
5 0.13828125 0.38359375 0.18046875 0.18984375
4 0.37265625 0.38203125 0.1734375 0.19921875
4 0.87734375 0.390625 0.165625 0.18984375
4 0.13203125 0.6265625 0.178125 0.21640625
4 0.38359375 0.88359375 0.15390625 0.19921875
4 0.890625 0.140625 0.165625 0.20703125
4 0.890625 0.634375 0.16328125 0.19921875