2 0.1296875 0.1203125 0.21171875 0.2015625
2 0.38671875 0.375 0.18515625 0.2328125
0 0.3765625 0.11875 0.1921875 0.196875
3 0.37265625 0.6234375 0.1875 0.21171875
3 0.6390625 0.38359375 0.2140625 0.21171875
0 0.12734375 0.6296875 0.196875 0.2140625
0 0.63671875 0.86875 0.18515625 0.19921875
0 0.8921875 0.12734375 0.19453125 0.240625
0 0.89609375 0.62421875 0.2078125 0.1953125
4 0.634375 0.1390625 0.2015625 0.228125
3 0.884375 0.38359375 0.18515625 0.2046875
5 0.12734375 0.3796875 0.19453125 0.209375
0 0.384375 0.88671875 0.178125 0.20703125
4 0.89375 0.8921875 0.2125 0.2125
4 0.62890625 0.63125 0.19453125 0.21640625
4 0.11796875 0.8703125 0.1828125 0.228125