5 0.36796875 0.12734375 0.18515625 0.2015625
3 0.125 0.39453125 0.1703125 0.18515625
3 0.6421875 0.38359375 0.15859375 0.196875
3 0.8921875 0.6265625 0.146875 0.2015625
3 0.6359375 0.6359375 0.178125 0.1921875
3 0.3796875 0.88671875 0.196875 0.19921875
4 0.37109375 0.37265625 0.2046875 0.2046875
4 0.13125 0.60546875 0.18046875 0.19921875
4 0.14453125 0.8765625 0.1703125 0.21875
4 0.38359375 0.6296875 0.15859375 0.209375
4 0.6359375 0.88125 0.18515625 0.209375
4 0.87265625 0.87890625 0.16328125 0.18984375
4 0.1140625 0.1359375 0.1734375 0.1875
4 0.86171875 0.365625 0.1734375 0.18984375
3 0.634375 0.1296875 0.18984375 0.2140625
3 0.8703125 0.125 0.15859375 0.209375