5 0.1234375 0.12109375 0.1875 0.20703125
5 0.6296875 0.88828125 0.196875 0.209375
3 0.12890625 0.37734375 0.1703125 0.209375
3 0.37734375 0.61875 0.18984375 0.196875
3 0.8765625 0.3890625 0.1828125 0.20703125
3 0.8765625 0.8921875 0.18046875 0.18984375
2 0.87109375 0.634375 0.1734375 0.178125
2 0.1453125 0.6359375 0.2015625 0.21640625
2 0.3765625 0.88359375 0.1921875 0.196875
0 0.12890625 0.87890625 0.196875 0.19453125
4 0.38125 0.13359375 0.17578125 0.2046875
4 0.3890625 0.37734375 0.1703125 0.196875
4 0.6296875 0.3796875 0.19453125 0.19921875
4 0.62265625 0.13359375 0.18515625 0.209375
4 0.865625 0.14296875 0.2046875 0.2015625
4 0.625 0.615625 0.1921875 0.21875