2 0.12734375 0.1421875 0.1921875 0.18046875
2 0.87890625 0.13125 0.19453125 0.1875
5 0.11875 0.640625 0.1828125 0.2015625
5 0.6546875 0.3796875 0.18046875 0.19453125
5 0.884375 0.88203125 0.16328125 0.18984375
5 0.40234375 0.87734375 0.1734375 0.23828125
3 0.38828125 0.1234375 0.16328125 0.21640625
3 0.62734375 0.13125 0.16328125 0.196875
0 0.4015625 0.39765625 0.165625 0.2015625
0 0.88359375 0.3734375 0.1703125 0.1875
4 0.1421875 0.3890625 0.1734375 0.1828125
4 0.3890625 0.63359375 0.178125 0.2046875
4 0.62265625 0.6359375 0.16328125 0.19453125
4 0.88671875 0.63359375 0.1703125 0.19921875
4 0.63671875 0.8765625 0.18984375 0.19453125
4 0.1546875 0.87734375 0.19453125 0.1734375