3 0.62890625 0.88046875 0.2078125 0.2390625
0 0.37734375 0.13359375 0.1828125 0.22109375
2 0.8859375 0.884375 0.178125 0.21640625
2 0.14453125 0.62734375 0.2015625 0.22109375
3 0.1359375 0.37890625 0.178125 0.2140625
4 0.8734375 0.12734375 0.178125 0.196875
4 0.6234375 0.11875 0.15625 0.2015625
4 0.63203125 0.38671875 0.17578125 0.19921875
4 0.87265625 0.38671875 0.2046875 0.1921875
4 0.89765625 0.64453125 0.19453125 0.21171875
4 0.3734375 0.63671875 0.19453125 0.19921875
4 0.12109375 0.8796875 0.196875 0.2015625
2 0.1359375 0.12734375 0.1828125 0.2015625
3 0.38359375 0.38359375 0.1875 0.21171875
0 0.38828125 0.884375 0.2140625 0.196875
3 0.65234375 0.6265625 0.21171875 0.2015625