4 0.134375 0.12890625 0.1875 0.2046875
4 0.634375 0.13203125 0.1875 0.196875
4 0.88203125 0.12734375 0.15390625 0.2015625
4 0.884375 0.37890625 0.178125 0.22578125
4 0.1359375 0.8859375 0.1515625 0.2140625
4 0.3734375 0.63203125 0.165625 0.18984375
4 0.38203125 0.8796875 0.1875 0.2234375
5 0.38125 0.1390625 0.1734375 0.196875
5 0.634375 0.37734375 0.15859375 0.1875
2 0.13828125 0.62734375 0.1734375 0.18984375
2 0.8890625 0.8921875 0.165625 0.19453125
3 0.13125 0.37734375 0.19453125 0.21640625
3 0.884375 0.63671875 0.18984375 0.209375
3 0.38828125 0.38125 0.18046875 0.2046875
3 0.634375 0.63671875 0.1875 0.19921875
4 0.6265625 0.8859375 0.18515625 0.17578125