3 0.13359375 0.13125 0.1828125 0.209375
3 0.3734375 0.1140625 0.17578125 0.20703125
3 0.88203125 0.11796875 0.165625 0.18515625
3 0.37734375 0.384375 0.196875 0.18046875
2 0.6203125 0.13671875 0.15859375 0.19453125
2 0.1453125 0.61328125 0.1875 0.2015625
2 0.38125 0.87265625 0.1921875 0.20703125
0 0.62890625 0.38359375 0.16328125 0.18046875
0 0.8890625 0.6203125 0.16328125 0.18515625
0 0.6234375 0.88203125 0.18046875 0.196875
4 0.13125 0.384375 0.18046875 0.2015625
4 0.87265625 0.37890625 0.1390625 0.19921875
4 0.3765625 0.6234375 0.1921875 0.21171875
4 0.63125 0.61875 0.20703125 0.2046875
4 0.11640625 0.86640625 0.22578125 0.21171875
4 0.88203125 0.90234375 0.1609375 0.19453125