3 0.37890625 0.13359375 0.22109375 0.22578125
3 0.13125 0.3859375 0.1828125 0.19453125
3 0.6296875 0.38359375 0.19453125 0.19921875
3 0.634375 0.890625 0.18984375 0.19453125
0 0.12109375 0.61640625 0.1875 0.228125
0 0.38359375 0.63125 0.2015625 0.20703125
0 0.3859375 0.390625 0.19453125 0.18046875
0 0.6265625 0.12890625 0.2046875 0.209375
4 0.890625 0.38359375 0.18984375 0.19921875
4 0.88671875 0.87265625 0.178125 0.1828125
4 0.87734375 0.1421875 0.2140625 0.21875
2 0.1296875 0.13125 0.1875 0.209375
5 0.12890625 0.875 0.19921875 0.22109375
5 0.3765625 0.87890625 0.21875 0.22109375
3 0.88203125 0.62734375 0.1875 0.2140625
4 0.63125 0.615625 0.23828125 0.2140625