3 0.1296875 0.13125 0.18984375 0.21875
3 0.87890625 0.38125 0.18984375 0.2328125
3 0.62890625 0.38203125 0.196875 0.2359375
4 0.8703125 0.13125 0.178125 0.22109375
4 0.63203125 0.89140625 0.1734375 0.2171875
2 0.62890625 0.64453125 0.178125 0.19921875
2 0.88203125 0.8734375 0.19921875 0.22578125
4 0.3890625 0.12890625 0.1828125 0.23046875
2 0.38359375 0.38359375 0.1921875 0.2328125
0 0.38125 0.6296875 0.2015625 0.22109375
0 0.37890625 0.8703125 0.21171875 0.2328125
0 0.13671875 0.38671875 0.17578125 0.2328125
0 0.87734375 0.62890625 0.178125 0.178125
4 0.640625 0.1296875 0.19453125 0.2234375
4 0.13828125 0.62890625 0.18046875 0.2015625
0 0.13203125 0.8765625 0.18984375 0.2140625